              precision    recall  f1-score   support

           A       0.93      0.94      0.93      2000
           B       0.95      0.96      0.96      2000
           C       0.94      0.90      0.92      2000
           D       0.92      0.90      0.91      2000
           E       0.90      0.95      0.93      2000
           F       0.94      0.93      0.93      2000
           G       0.92      0.91      0.91      2000
           H       0.92      0.93      0.92      2000
           I       0.94      0.91      0.92      2000
           J       0.93      0.97      0.95      2000

    accuracy                           0.93     20000
   macro avg       0.93      0.93      0.93     20000
weighted avg       0.93      0.93      0.93     20000
