              precision    recall  f1-score   support

           A       0.77      0.88      0.82       630
           B       0.85      0.93      0.89       660
           C       0.81      0.75      0.78       660
           D       0.81      0.74      0.77       620
           E       0.83      0.88      0.86       680
           F       0.81      0.79      0.80       560
           G       0.85      0.79      0.82       690
           H       0.84      0.80      0.82       630
           I       0.85      0.76      0.80       650
           J       0.86      0.95      0.90       620

    accuracy                           0.83      6400
   macro avg       0.83      0.83      0.83      6400
weighted avg       0.83      0.83      0.83      6400
